100 10
54 79 16 66 58 31 29 41 88 34
83 3 89 58 56 77 63 12 45 91
15 11 49 31 20 54 88 77 91 6
71 99 15 68 85 43 91 12 66 38
77 56 89 78 53 19 8 99 27 44
36 70 45 91 35 52 76 1 63 50
53 99 60 13 53 29 77 47 65 88
38 60 23 59 41 14 37 76 55 11
27 5 57 49 69 90 81 22 73 40
87 56 64 85 13 65 22 58 79 44
91 61 1 9 72 83 24 66 40 55
14 73 63 39 8 74 50 33 21 99
29 75 41 41 49 63 52 19 70 84
12 47 63 56 47 81 35 55 67 29
77 14 47 40 87 12 66 91 53 20
32 21 26 54 58 48 39 77 84 16
87 86 75 77 18 45 30 99 73 28
68 5 77 51 68 74 52 18 46 90
94 77 40 31 28 64 89 11 75 33
11 88 55 62 17 93 48 61 27 44
71 30 66 92 44 18 57 79 45 22
83 64 27 75 31 90 55 61 72 11
14 55 81 49 63 24 77 38 91 53
66 72 11 58 74 89 42 30 61 45
91 43 29 70 18 53 88 21 64 79
38 90 55 16 84 72 39 50 77 13
57 61 44 88 23 11 76 65 29 91
45 18 73 62 91 38 57 12 80 44
64 77 31 50 72 90 24 53 61 19
81 42 66 11 59 74 88 37 20 91
39 55 90 24 73 68 41 77 12 56
72 11 38 91 44 57 29 63 84 20
58 74 52 19 66 81 33 45 90 11
63 24 77 38 91 50 72 11 56 84
49 88 21 64 79 30 55 73 18 90
31 70 18 53 88 42 61 24 77 39
84 72 11 56 90 33 45 68 21 74
55 73 18 90 44 61 29 77 38 52
66 11 58 74 91 24 53 80 42 63
72 39 50 77 13 84 21 64 55 90
38 57 12 80 44 61 29 73 18 52
64 77 31 50 72 11 88 45 24 66
81 42 66 11 59 74 33 90 21 57
39 55 90 24 73 68 41 77 12 84
72 11 38 91 44 57 29 63 50 18
58 74 52 19 66 81 33 45 90 24
63 24 77 38 91 50 72 11 56 84