100 20
54 79 16 66 58 31 29 41 88 34 71 45 12 63 90 27 55 83 19 74
83 3 89 58 56 77 63 12 45 91 24 66 40 55 17 88 72 11 53 64
15 11 49 31 20 54 88 77 91 6 44 29 70 18 53 81 37 92 41 60
71 99 15 68 85 43 91 12 66 38 57 74 20 49 83 11 65 28 90 42
77 56 89 78 53 19 8 99 27 44 61 13 72 84 31 50 66 91 25 48
36 70 45 91 35 52 76 1 63 50 22 84 17 67 90 38 55 72 11 46
53 99 60 13 53 29 77 47 65 88 41 72 19 54 81 33 66 24 90 57
38 60 23 59 41 14 37 76 55 11 83 26 49 71 92 35 64 18 50 79
27 5 57 49 69 90 81 22 73 40 16 88 52 31 74 61 25 93 47 58
87 56 64 85 13 65 22 58 79 44 91 37 50 72 18 63 84 29 55 11
91 61 1 9 72 83 24 66 40 55 17 88 31 74 62 13 95 48 57 20
14 73 63 39 8 74 50 33 21 99 65 17 84 41 72 28 90 56 11 47
29 75 41 41 49 63 52 19 70 84 33 91 26 55 78 14 61 88 37 50
12 47 63 56 47 81 35 55 67 29 90 44 13 72 58 31 84 25 66 17
77 14 47 40 87 12 66 91 53 20 75 38 49 84 27 55 71 16 92 33
32 21 26 54 58 48 39 77 84 16 90 51 22 63 74 35 88 41 57 19
87 86 75 77 18 45 30 99 73 28 64 12 55 81 39 70 22 91 47 58
68 5 77 51 68 74 52 18 46 90 37 61 25 84 11 72 49 95 33 57
94 77 40 31 28 64 89 11 75 33 50 18 92 47 61 24 83 39 56 70
11 88 55 62 17 93 48 61 27 44 79 31 50 72 18 64 25 91 37 58